((("printNode" .
   [2 0 0 0 0 0 0 0 0])
  ("swap" .
   [1 0 0 0])
  ("temp" .
   [1 0 0 0])
  ("reverse" .
   [2 0 0 0 0 0 0])
  ("save" .
   [2 0 0 0])
  ("prev" .
   [2 0 0 0])
  ("NULL" .
   [1 0 0 0])
  ("reverse_iterator" .
   [1 0 0 1 0 0 0 0 0 0 0 0 0 0 0 0])
  ("print" .
   [3 0 0 0 0])
  ("head" .
   [13 0 0 0])
  ("void" .
   [4 0 0 0])
  ("b" .
   [6])
  ("a" .
   [13])
  ("next" .
   [6 0 0 0])
  ("x" .
   [2])
  ("val" .
   [7 0 0])
  ("Node" .
   [17 0 1 0])
  ("struct" .
   [1 0 0 0 0 0])
  ("std" .
   [1 0 0])
  ("namespace" .
   [0 0 1 1 0 0 0 0 0])
  ("using" .
   [1 0 1 0 0])
  ("left" .
   [1 0 0 0])
  ("endl" .
   [8 0 0 0])
  ("DBL_MAX" .
   [1 0 0 0 1 0 0])
  ("cout" .
   [8 0 0 0])
  ("log" .
   [3 0 0])
  ("else" .
   [2 0 0 0])
  ("p" .
   [2])
  ("find" .
   [1 0 0 0])
  ("insert" .
   [1 0 0 0 0 0])
  ("myset" .
   [1 0 0 0 0])
  ("j" .
   [3])
  ("maxpro" .
   [5 0 0 0 0 0])
  ("1" .
   [6])
  ("size_of_ingredientslist" .
   [0 0 1 0 0 0 0 0 0 0 0 0 0 0 0 0 0 0 0 0 0 0 0])
  ("diff" .
   [2 0 0 0])
  ("size" .
   [5 0 0 0])
  ("CountryPro" .
   [1 0 0 0 0 0 0 0 0 0])
  ("current" .
   [21 0 0 0 0 0 0])
  ("codeforMaterial" .
   [0 0 0 0 0 0 0 3 2 0 0 0 0 0 0])
  ("test" .
   [1 0 0 0])
  ("(const vector<string> &materials, vector<int> &rs)" .
   [0 0 0 0 0 0 0 0 0 0 0 0 0 0 0 0 0 0 0 0 0 0 0 0 0 0 0 0 0 0 0 0 0 0 0 0 0 0 0 0 0 0 0 0 0 0 0 0 0 1])
  ("generateMaterialCode" .
   [1 0 0 0 0 0 0 0 0 0 0 0 0 0 0 0 0 0 0 0])
  ("tempcountryname" .
   [2 0 0 0 0 0 0 0 0 1 0 0 0 0 0])
  ("double" .
   [5 0 0 0 0 0])
  ("it" .
   [7 0])
  ("iterator" .
   [0 0 0 0 1 0 0 0])
  ("i" .
   [14])
  ("cuisine" .
   [1 0 0 0 0 0 0])
  ("map" .
   [1 0 0])
  ("CountryName" .
   [2 1 0 0 0 0 0 0 0 0 0])
  ("string" .
   [3 0 0 0 0 0])
  ("max" .
   [4 0 0])
  ("result" .
   [4 0 0 0 0 0])
  ("s" .
   [8])
  ("mytuple" .
   [1 0 0 0 0 0 0])
  ("key" .
   [1 0 0])
  ("printf" .
   [1 0 0 0 0 0])
  ("nlinum" .
   [0 0 1 0 0 0])
  ("load-path" .
   [0 0 0 0 0 1 0 0 0])
  ("add-to-list" .
   [0 0 0 0 0 0 1 0 0 0 0])
  ("f2" .
   [1 0])
  ("kbd" .
   [1 0 0])
  ("grep-find" .
   [1 0 0 0 0 0 0 0 0])
  ("end" .
   [2 1 0])
  ("()" .
   [0 5])
  ("cend" .
   [1 0 0 0])
  ("int" .
   [12 0 0])
  ("vector" .
   [4 0 1 0 0 1])
  ("while" .
   [3 0 1 1 0])
  ("require" .
   [0 0 0 2 0 0 2])
  ("cedet" .
   [0 0 1 0 0])
  ("global-ede-mode" .
   [0 0 0 1 0 0 0 0 0 0 0 0 0 0 0])
  ("semantic" .
   [0 0 0 1 0 0 0 0])
  ("f11" .
   [1 0 0])
  ("semantic/senator" .
   [0 0 0 1 0 0 0 0 0 0 0 0 0 0 0 0])
  ("global-nlinum-mode" .
   [0 0 0 1 0 0 0 0 0 0 0 0 0 0 0 0 0 0])
  ("//bin/" .
   [0 0 1 0 0 0])
  ("count" .
   [5 0 0 0 0])
  ("0" .
   [11])
  ("result_n_element" .
   [0 0 0 0 0 0 0 0 1 0 0 0 0 0 0 0])
  ("clear" .
   [1 0 1 0 0])
  ("final_it" .
   [7 0 0 0 0 2 0 0])
  ("final_map" .
   [0 0 0 1 1 0 0 0 1])
  ("begin" .
   [2 0 1 0 0])
  ("second" .
   [2 0 0 0 0 0])
  ("first" .
   [3 0 0 1 0])
  ("la" .
   [7 0])
  ("stream" .
   [1 0 0 0 0 0])
  ("labs" .
   [0 0 1 0])
  ("(long)" .
   [0 0 0 0 0 1])
  ("100%" .
   [3 0 0 0])
  ("800px" .
   [1 0 0 0 0])
  ("20px" .
   [1 0 0 0])
  ("cell" .
   [0 0 0 1])
  ("absolute" .
   [0 1 1 0 0 0 0 0])
  ("relative" .
   [0 0 2 0 0 0 0 0])
  ("center" .
   [0 0 1 0 0 0])
  ("return" .
   [1 0 0 0 0 0])
  ("if" .
   [2 0])
  ("true" .
   [0 0 0 1])))
